#Index^Name^Y^X^Z^ConnectionList^(Flags)^(ScriptFileName)
0^Waypoint0^-50^21^4.88564^2,3
1^Waypoint1^375^0^1.127^17,100
2^pok^-60.4491^19.4679^4.78714^0^16
3^Waypoint3^-40.0006^19.2733^4.49811^4,0
4^Waypoint4^-26.8129^11.8017^3.0627^5,3
5^Waypoint5^-13.4129^1.1762^1.96327^6,4
6^Waypoint6^-2.22269^-0.623079^1.31921^5,18
7^Waypoint7^60.7207^-0.623079^1.12711^18,8,9
8^Waypoint8^60.7207^25.2686^1.12712^11,7
9^Waypoint9^60.7207^-25.3295^1.1269^7,10
10^Waypoint10^87.3967^-25.3295^1.127^13,9
11^Waypoint11^87.3967^25.2686^1.127^13,8
13^Waypoint13^123.063^0.267886^1.127^99,10,11
14^Waypoint14^190.627^0.267886^1.127^15,99
15^Waypoint15^238.084^0.267886^1.127^20,36,14,106
16^Waypoint16^312.595^0.267886^1.127^44,46,17,43,37,106
17^portin^368.68^0.267886^1.127^37,1,43,16,44,46
18^Waypoint18^28.4151^-0.623079^1.12472^7,6
19^Waypoint19^277.111^-106.294^1.127^21,20,98,22
20^Waypoint20^238.084^-67.8831^1.127^19,15
21^Waypoint21^308.709^-137.573^1.127^22,19
22^Waypoint22^368.924^-137.773^1.127^21,96,19,107
23^Waypoint23^458.43^-137.773^1.127^24,96,25,108
24^Waypoint24^518.441^-137.773^1.127^25,23
25^Waypoint25^550.333^-106.418^1.127^24,95,23,182
26^Waypoint26^589.182^-67.7212^1.127^93,94,182
27^Waypoint27^589.182^-0.0296636^1.127^28,40,93,114
28^magus^606^0.0613578^1.751^27
29^Waypoint29^589.182^67.1651^1.127^30,114,113
30^Waypoint30^549.979^106.423^1.127^82,29,31,32
31^Waypoint31^519.172^137.979^1.127^32,30
32^Waypoint32^458.521^137.784^1.127^47,31,110,30
33^Waypoint33^368.852^137.784^1.127^47,111,12,35
35^Waypoint35^277.319^106.531^1.127^36,58,12,33
36^Waypoint36^238.084^67.7749^1.127^15,35
37^Waypoint37^369.041^57.3717^1.127^46,17,16,100,104,105,111
38^Waypoint38^458.37^57.2028^1.127^39,41,40,103,105,104,110
39^Waypoint39^514.28^57.2028^1.127^40,38,41,110
40^Waypoint40^514.28^-0.0374671^1.127^27,45,39,41,38,42
41^Waypoint41^458.924^-0.0374671^1.127^38,40,42,45,39,103
42^Waypoint42^458.547^-56.8065^1.127^41,45,40,101,102,103,108
43^Waypoint43^369.014^-56.8065^1.127^44,17,16,101,102,100,107
44^Waypoint44^313.248^-56.8065^1.127^43,16,17,106,107
45^Waypoint45^514.143^-56.8065^1.127^40,42,41,108
46^Waypoint46^313.211^57.0396^1.127^16,37,17,106,111
47^Waypoint47^413.115^137.314^1.127^33,32,49
49^Waypoint49^413.115^210.358^1.127^47,79,57,144,50,48
48^Waypoint48^476.847^194.998^0.1885^144,79,53,49,55
50^Waypoint50^349.954^196^-0.122^144,54,57,49,51
51^Waypoint51^363.015^287^1.751^144,52,54,50
52^Waypoint52^412.877^302.001^1.751^144,51,55
53^Waypoint53^502^269.954^1.126^144,55,79,48
54^Waypoint54^326^270^1.751^144,57,50,51
55^Waypoint55^463^289^1.126^144,52,53,48
56^Waypoint56^276.144^209.508^1.12699^57,59,76,65,70
57^Waypoint57^316.407^209.508^1.127^56,49,54,50
58^Waypoint58^230.576^152.483^1.12699^69,60,67,35
59^Waypoint59^276.806^187.494^1.12699^56,69
60^Waypoint60^196.588^107.137^1.12699^58,73,67,61
61^Waypoint61^161.258^107.561^1.12699^60,66
62^Waypoint62^160.959^217.513^1.12699^74,70,68
63^Waypoint63^211.042^267.594^1.12699^70,71
64^Waypoint64^266.335^267.594^1.12699^65,71
65^Waypoint65^271.725^235.759^1.12699^76,56,64
66^Waypoint66^160.843^148.054^1.12699^61,67,74
67^Waypoint67^191.417^147.3^1.12699^58,60,66,68
68^Waypoint68^201.943^188.116^1.12699^67,74,73,75,72,62
69^Waypoint69^255.307^177.502^1.12699^59,58,73,72
70^Waypoint70^186.226^242.634^1.12699^72,62,75,63,76,56
71^Waypoint71^230.283^267.628^1.12699^72,64,63
72^Waypoint72^227.292^218.954^1.12699^73,71,70,75,76,68,69
73^Waypoint73^231.094^196.554^1.12699^69,60,68,72,75,76
74^Waypoint74^161.257^190.62^1.12699^66,62,68,75
75^Waypoint75^205.488^211.87^1.12699^68,70,72,73,74
76^Waypoint76^249.938^228.759^1.12699^70,72,56,65,73
77^Waypoint77^412.123^-302.001^1.751^143,140,139
78^kesiri^169.809^23.2734^1.126^99
79^Waypoint79^499.356^209.754^1.127^80,49,48,53
80^Waypoint80^550.824^209.754^1.12699^79,148,81,145,147
81^Waypoint81^550.369^187.601^1.12699^80,145
82^Waypoint82^597.306^153.462^1.12699^30,146,145,157
83^tavid^591.776^-89.325^1.751^182
84^Waypoint84^639.281^243.149^1.12699^85,160,151,150
85^Waypoint85^665.457^269.329^1.22048^86,84
86^Waypoint86^690.816^284.136^1.20508^87,85
87^Waypoint87^718.721^292.455^0.534036^88,86
88^Waypoint88^836.498^292.455^-19.031^89,87
89^Waypoint89^872.97^292.455^-19.2848^91,88
90^neighborhoods^978.838^292.455^-19.2828^91,92
91^Waypoint91^916.234^292.455^-19.284^89,90,92,162
92^housing^971.92^271.673^-18.6569^90,91
93^Waypoint93^588.995^-48.4114^1.127^26,27,94
94^gh^621.921^-48.4114^1.127^93,26^16
95^Waypoint95^596.414^-152.666^1.12699^25,178,166,180
96^Waypoint96^413.795^-137.523^1.127^22,23,97
97^Waypoint97^413.795^-210.214^1.127^96,143,116,115,142,136
98^Waypoint98^230.156^-152.835^1.12699^19,135,137,129
99^Waypoint99^159.139^0.267886^1.127^14,78,13
100^Waypoint100^388.663^-0.520173^1.12701^1,43,37
101^Waypoint101^414.009^-57.4602^1.127^43,102,42,109
102^Waypoint102^414.385^-26.6022^1.127^101,42,43
103^Waypoint103^438.549^0.0349709^1.12701^42,41,38
104^Waypoint104^413.306^58.3689^1.127^105,38,37,112
105^Waypoint105^413.306^26.9329^1.127^104,38,37
106^Waypoint106^292.801^0.267886^1.127^15,44,16,46
107^Waypoint107^368.434^-75.433^1.127^43,44,22,109
108^Waypoint108^458.667^-74.8843^1.127^23,42,45,109
109^Waypoint109^413.338^-75.9976^1.127^108,101,107
110^Waypoint110^458.929^76.2762^1.127^112,39,32,38
111^Waypoint111^368.965^75.0194^1.127^112,37,33,46
112^Waypoint112^414.539^75.6082^1.127^110,104,111
113^gh2^620.21^48.1325^1.127^114,29^16
114^Waypoint114^588.655^48.1325^1.127^29,113,27
12^Waypoint12^308.972^138.39^1.127^33,35
34^Waypoint34^551.28^-208.734^1.12699^115,165,167,171,166
115^Waypoint115^510.682^-208.734^1.127^97,34,142,141
116^Waypoint116^316.466^-208.734^1.127^117,97,138,136
117^Waypoint117^276.267^-208.734^1.12699^125,116,119,118
118^Waypoint118^260.16^-208.734^1.12699^125,119,117,127,137
119^Waypoint119^275.725^-188.176^1.12699^118,117,137
120^Waypoint120^266.284^-268.108^1.12699^121,125
121^Waypoint121^211.982^-268.108^1.12699^126,120,128,134
122^Waypoint122^161.477^-217.732^1.12699^130,126,134
123^Waypoint123^161.137^-107.503^1.12699^124,131
124^Waypoint124^195.548^-107.164^1.12699^123,129,132
125^Waypoint125^267.189^-237.591^1.12699^120,118,117,128
126^Waypoint126^181.518^-238.097^1.12699^122,121,128,134
127^Waypoint127^226.208^-207.863^1.12699^118,128,134,135,133
128^Waypoint128^229.67^-238.97^1.12699^127,121,125,126
129^Waypoint129^212.937^-138.981^1.12699^124,132,98
130^Waypoint130^161.743^-176.422^1.12699^131,122,133
131^Waypoint131^162.135^-143.462^1.12699^132,123,130
132^Waypoint132^197.179^-143.462^1.12699^124,129,131,133
133^Waypoint133^198.734^-174.797^1.12699^132,130,134,135,127
134^Waypoint134^198.511^-208.051^1.12699^122,126,127,133,121,135
135^Waypoint135^229.124^-175.013^1.12699^127,98,137,133,134
137^Waypoint137^261.941^-173.783^1.12699^135,119,98,118
136^Waypoint136^351.031^-195^-0.122^143,116,138,97,139
138^Waypoint138^325.999^-269.893^1.126^143,139,116,136
139^Waypoint139^362.877^-286.001^1.751^143,77,138,136,141
140^Waypoint140^462.939^-286^1.126^143,77,141,142
141^Waypoint141^502^-268.985^1.751^143,140,142,115,139
142^Waypoint142^477.046^-196^0.1885^143,141,115,97,140
143^Waypoint143^411.951^-250.433^1.127^139,138,77,140,141,142,97,136
144^Waypoint144^413.928^243.268^1.127^49,50,48,53,55,52,51,54
145^Waypoint145^582.484^171.414^1.12699^80,81,146,82
146^Waypoint146^601.37^185.815^1.12699^147,145,82,159,160
147^Waypoint147^598.387^208.523^1.12699^160,80,149,146,159
148^Waypoint148^560.218^237.513^1.12699^163,149,80
149^Waypoint149^596.379^238.74^1.12699^148,150,147
150^Waypoint150^616.132^266.663^1.12699^84,149,163,160
151^Waypoint151^665.392^218.309^1.12699^160,84,152
152^Waypoint152^665.445^175.158^1.12699^159,153,151
153^Waypoint153^665.335^143.625^1.12699^158,155,152
154^Waypoint154^667.337^104.403^1.75099^155
155^Waypoint155^665.688^107.144^1.12699^154,156,153
156^Waypoint156^630.79^107.496^1.12699^157,158,155
157^Waypoint157^614.442^137.508^1.12699^156,82,158
158^Waypoint158^630.092^142.509^1.12699^153,157,156,159
159^Waypoint159^627.196^175.06^1.12699^152,158,146,164,147
160^Waypoint160^633.884^214.019^1.12699^84,151,147,146,164,150
161^Waypoint161^972.081^230.866^-19.2834^162
162^Waypoint162^939.772^234.372^-19.2835^161,91
163^Waypoint163^561.257^267.174^1.12699^148,150
164^Waypoint164^636.432^191.739^1.12699^159,160
165^Waypoint165^551.136^-188.633^1.12699^166,34
166^Waypoint166^570.409^-177.654^1.12699^165,95,181,34
167^Waypoint167^550.551^-232.044^1.12699^34,168,181
168^Waypoint168^561.027^-266.725^1.12699^167,169
169^Waypoint169^596.578^-267.76^1.12699^168,170,181
170^Waypoint170^616.032^-269.221^1.12699^169,171
171^Waypoint171^639.924^-244.509^1.12699^170,172,181,34
172^Waypoint172^666.04^-218.385^1.12699^171,173,180
173^Waypoint173^666.378^-194.632^1.12699^172,174,181,180
174^Waypoint174^666.91^-144.258^1.12699^173,175,179,180
175^Waypoint175^666.592^-106.54^1.12699^176,174
176^Waypoint176^630.443^-106.846^1.12699^175,177,179,178
177^Waypoint177^619.415^-118.613^1.12699^178,176,179
178^Waypoint178^615.866^-135.331^1.12699^177,95,176
179^Waypoint179^641.392^-147.526^1.12699^174,177,176,180
180^Waypoint180^623.883^-175.389^1.12699^95,179,174,181,173,172
181^Waypoint181^604.211^-210.17^1.12699^171,169,167,166,173,180
182^Waypoint182^576.58^-79.0015^1.127^26,83,25
