0
10690
10768
10960
10656
56
51
220
10640
81
10668
10646
10645
101035
101539
11807
10630
10649
10608
10850
10653
34
11483
10016
10545
12250
12610
12219
101546
101534
101535
141
142
87
11832
11833
10932
11492
10743
10670
104
10723
101155
11875
10507
10610
204
11193
11818
164
10647
11997
101706
10738
10675
10988
29
60003
101812
11816
10203
52
206
101709
101694
101516
101519
101550
60326
12393
11361
12227
12233
11803
11668
101061
11473
101536
12357
12335
11721
12143
12133
12391
12395
12387
12768
101513
101501
101150
60061
11689
11704
101215
101244
11959
101207
101713
101212
101204
101211
101260
101246
101274
101853
11485
12116
12145
101710
11146
10973
12504
12505
12508
12190
10815
101697
101810
11448
10860
185
10616
10669
101545
10822
10971
12225
103
202
101537
101518
11840
11814
11800
12111
11707
10747
10650
11
11817
12506
60136
99269
101520
11717
10623
11405
11493
12375
10980
11841
10832
101017
11364
10505
12402
12406
101707
101855
101848
101843
101695
101696
12079
12183
11831
11830
11894
12512
101304
101455
101716
218
10510
11180
10946
101711
101270
10674
10793
10993
101705
101700
166
11685
10642
101851
101174
668
11680
148
10735
10819
10746
12578
10000
11018
11796
11762
12385
11687
11461
101708
10504
10535
11710
10731
11729
10718
10817
10918
10919
666
10688
12102
12103
11691
12382
10727
12276
12059
28
101205
10914
11589
11042
12359
11094
160
10934
10712
10665
94
215
10784
10664
184
61
12374
12379
12400
12523
12383
12390
11853
10788
10963
154
10790
10018
190
155
150
159
153
145
11219
65
11502
11207
11121
11096
11037
11526
11208
75
11872
100078
11036
62
10931
11173
11215
38
54
11618
10876
101050
101060
11216
11254
12262
12154
11221
10663
12272
12279
222
5
12332
119
12160
11874
12317
13983
99266
11131
100082
101544
101540
12319
11965
11098
10781
10783
10837
10633
101541
101702
101693
10750
10017
10105
11820
12172
1
42
12424
10855
101068
123
60133
12676
10739
12293
10502
11530
11804
101018
11601
11579
12108
101242
10682
11838
179
101838
101835
10679
130
10648
18
10945
140
172
8
91
223
85
210
10948
11020
10614
10103
10107
10106
10027
12187
10695
12206
12158
12180
203
10637
11683
11706
12302
165
108
11501
12130
10915
7
68
10776
11801
173
131
149
101249
11386
11153
11189
10512
12052
12009
12117
71
136
31
221
163
10983
10939
11357
12761
12762
134
90
161
92
211
46
11218
11489
10681
10609
10730
58
9
209
10201
10661
48
10916
10523
11223
67
10755
12394
98
10922
